row=20 col=20
1 2 3 4 1 2 3 4 1 2 3 4 1 2 3 4 1 2 3 4
6 7 8 9 6 7 8 9 6 7 8 9 6 7 8 9 6 7 8 9
1 2 1 2 1 2 1 2 1 2 1 2 1 2 1 2 1 2 1 2
1 2 2 2 1 2 2 2 1 2 2 2 1 2 2 2 1 2 2 2
3 4 5 1 3 4 5 1 3 4 5 1 3 4 5 1 3 4 5 1
1 2 3 4 1 2 3 4 1 2 3 4 1 2 3 4 1 2 3 4
6 7 8 9 6 7 8 9 6 7 8 9 6 7 8 9 6 7 8 9
1 2 1 2 1 2 1 2 1 2 1 2 1 2 1 2 1 2 1 2
1 2 2 2 1 2 2 2 1 2 2 2 1 2 2 2 1 2 2 2
3 4 5 1 3 4 5 1 3 4 5 1 3 4 5 1 3 4 5 1
1 2 3 4 1 2 3 4 1 2 3 4 1 2 3 4 1 2 3 4
6 7 8 9 6 7 8 9 6 7 8 9 6 7 8 9 6 7 8 9
1 2 1 2 1 2 1 2 1 2 1 2 1 2 1 2 1 2 1 2
1 2 2 2 1 2 2 2 1 2 2 2 1 2 2 2 1 2 2 2
3 4 5 1 3 4 5 1 3 4 5 1 3 4 5 1 3 4 5 1
1 2 3 4 1 2 3 4 1 2 3 4 1 2 3 4 1 2 3 4
6 7 8 9 6 7 8 9 6 7 8 9 6 7 8 9 6 7 8 9
1 2 1 2 1 2 1 2 1 2 1 2 1 2 1 2 1 2 1 2
1 2 2 2 1 2 2 2 1 2 2 2 1 2 2 2 1 2 2 2
3 4 5 1 3 4 5 1 3 4 5 1 3 4 5 1 3 4 5 1
