Method: A thread per matrix
row=20 col=20
140 200 220 164 140 200 220 164 140 200 220 164 140 200 220 164 140 200 220 164 
292 404 444 448 292 404 444 448 292 404 444 448 292 404 444 448 292 404 444 448 
76 104 116 116 76 104 116 116 76 104 116 116 76 104 116 116 76 104 116 116 
140 200 220 164 140 200 220 164 140 200 220 164 140 200 220 164 140 200 220 164 
292 404 444 448 292 404 444 448 292 404 444 448 292 404 444 448 292 404 444 448 
76 104 116 116 76 104 116 116 76 104 116 116 76 104 116 116 76 104 116 116 
140 200 220 164 140 200 220 164 140 200 220 164 140 200 220 164 140 200 220 164 
292 404 444 448 292 404 444 448 292 404 444 448 292 404 444 448 292 404 444 448 
76 104 116 116 76 104 116 116 76 104 116 116 76 104 116 116 76 104 116 116 
140 200 220 164 140 200 220 164 140 200 220 164 140 200 220 164 140 200 220 164 
292 404 444 448 292 404 444 448 292 404 444 448 292 404 444 448 292 404 444 448 
76 104 116 116 76 104 116 116 76 104 116 116 76 104 116 116 76 104 116 116 
140 200 220 164 140 200 220 164 140 200 220 164 140 200 220 164 140 200 220 164 
292 404 444 448 292 404 444 448 292 404 444 448 292 404 444 448 292 404 444 448 
76 104 116 116 76 104 116 116 76 104 116 116 76 104 116 116 76 104 116 116 
140 200 220 164 140 200 220 164 140 200 220 164 140 200 220 164 140 200 220 164 
292 404 444 448 292 404 444 448 292 404 444 448 292 404 444 448 292 404 444 448 
76 104 116 116 76 104 116 116 76 104 116 116 76 104 116 116 76 104 116 116 
140 200 220 164 140 200 220 164 140 200 220 164 140 200 220 164 140 200 220 164 
292 404 444 448 292 404 444 448 292 404 444 448 292 404 444 448 292 404 444 448 
